门户系统
A不安全10.0.2.52:8081/test/index
请输入周期开始年月份（如：202201）：202201
请输入上面周期开始的每月公里数（车机系统获取），逗号隔开（如：2831，1108,3625）：1628.2491,2528.2447,3559,21262786.1833.1940.1579.2831.11083625.2888.21653032.19
开始计算
从202204至202303的连续12个月的总里程：28887公里，平均每月行驶：2407公里，其中202301是单月最大行驶：3625公里，202212是单月最小行驶公里数：1108公里
每月公里数
4,000
3559
3625
2888
3032
3,000
2786
2831
2491
2528
2447
2126
2165
2,000
1833
1940
1913
1628
1579
1108
1,000
202201
202202
202203
202204
202205
202206
202207
202208
202209
202210
202211
202212
202301
202302
202303
202304
202305
公里数
李广华
4,000
3,000
y =7.7x+ 2311.85
2,000